x =

   1.00000 - 0.00000i
   0.00000 + 0.00000i
   0.00000 + 0.00000i

k =  22
err =    1.0000e-09
